export const projects = [
  {
    id: 1,
    title: 'Residência Vista Verde',
    category: 'Residencial',
    coverUrl: 'https://images.unsplash.com/photo-1600607687920-4e2a09cf159d?auto=format&fit=crop&q=80&w=1200',
    images: [
      'https://images.unsplash.com/photo-1600607687920-4e2a09cf159d?auto=format&fit=crop&q=80&w=1600',
      'https://images.unsplash.com/photo-1600566753086-00f18efc2291?auto=format&fit=crop&q=80&w=1600',
      'https://images.unsplash.com/photo-1512917774080-9991f1c4c750?auto=format&fit=crop&q=80&w=1600',
    ],
  },
  {
    id: 2,
    title: 'Casa Minimalista',
    category: 'Residencial',
    coverUrl: 'https://images.unsplash.com/photo-1512917774080-9991f1c4c750?auto=format&fit=crop&q=80&w=1200',
    images: [
      'https://images.unsplash.com/photo-1512917774080-9991f1c4c750?auto=format&fit=crop&q=80&w=1600',
      'https://images.unsplash.com/photo-1600596542815-ffad4c1539a9?auto=format&fit=crop&q=80&w=1600',
      'https://images.unsplash.com/photo-1600607688969-a5bfcd64bd3b?auto=format&fit=crop&q=80&w=1600',
    ],
  },
  {
    id: 3,
    title: 'Studio Luz Natural',
    category: 'Interiores',
    coverUrl: 'https://images.unsplash.com/photo-1600585154340-be6161a56a0c?auto=format&fit=crop&q=80&w=1200',
    images: [
      'https://images.unsplash.com/photo-1600585154340-be6161a56a0c?auto=format&fit=crop&q=80&w=1600',
      'https://images.unsplash.com/photo-1600573472591-ee6b68d14c68?auto=format&fit=crop&q=80&w=1600',
      'https://images.unsplash.com/photo-1600607688969-a5bfcd64bd3b?auto=format&fit=crop&q=80&w=1600',
    ],
  },
  {
    id: 4,
    title: 'Villa Toscana',
    category: 'Residencial',
    coverUrl: 'https://images.unsplash.com/photo-1600566753086-00f18efc2291?auto=format&fit=crop&q=80&w=1200',
    images: [
      'https://images.unsplash.com/photo-1600566753086-00f18efc2291?auto=format&fit=crop&q=80&w=1600',
      'https://images.unsplash.com/photo-1600607687920-4e2a09cf159d?auto=format&fit=crop&q=80&w=1600',
      'https://images.unsplash.com/photo-1600596542815-ffad4c1539a9?auto=format&fit=crop&q=80&w=1600',
    ],
  },
  {
    id: 5,
    title: 'Escritório H&C',
    category: 'Comercial',
    coverUrl: 'https://images.unsplash.com/photo-1600573472591-ee6b68d14c68?auto=format&fit=crop&q=80&w=1200',
    images: [
      'https://images.unsplash.com/photo-1600573472591-ee6b68d14c68?auto=format&fit=crop&q=80&w=1600',
      'https://images.unsplash.com/photo-1600585154340-be6161a56a0c?auto=format&fit=crop&q=80&w=1600',
      'https://images.unsplash.com/photo-1600607688969-a5bfcd64bd3b?auto=format&fit=crop&q=80&w=1600',
    ],
  },
  {
    id: 6,
    title: 'Loft Industrial',
    category: 'Interiores',
    coverUrl: 'https://images.unsplash.com/photo-1600607688969-a5bfcd64bd3b?auto=format&fit=crop&q=80&w=1200',
    images: [
      'https://images.unsplash.com/photo-1600607688969-a5bfcd64bd3b?auto=format&fit=crop&q=80&w=1600',
      'https://images.unsplash.com/photo-1600585154340-be6161a56a0c?auto=format&fit=crop&q=80&w=1600',
      'https://images.unsplash.com/photo-1600573472591-ee6b68d14c68?auto=format&fit=crop&q=80&w=1600',
    ],
  },
];
